/*=================================================================
 *
 * DRAWMESHFUNSAMPLE1
 * CPP Sample driver code for drawMeshFun that calls a shared library created
 * using MATLAB Compiler SDK.
 * Refer to the MATLAB Compiler SDK documentation for more information.
 *
 *=================================================================*/
// Include the library specific header file as generated by the 
// MATLAB Compiler
#include <iostream>
#include "drawMeshFun.h"

void drawMeshFunSample()
{
	mxDouble xInData[] = {-8.0, -8.0, -8.0, -8.0, -8.0, -8.0, -8.0, -8.0, -8.0, -8.0, -8.0, -8.0, -8.0, -8.0, -8.0, -8.0, -8.0, -8.0, -8.0, -8.0, -8.0, -8.0, -8.0, -8.0, -8.0, -8.0, -8.0, -8.0, -8.0, -8.0, -8.0, -8.0, -8.0, -7.5, -7.5, -7.5, -7.5, -7.5, -7.5, -7.5, -7.5, -7.5, -7.5, -7.5, -7.5, -7.5, -7.5, -7.5, -7.5, -7.5, -7.5, -7.5, -7.5, -7.5, -7.5, -7.5, -7.5, -7.5, -7.5, -7.5, -7.5, -7.5, -7.5, -7.5, -7.5, -7.5, -7.0, -7.0, -7.0, -7.0, -7.0, -7.0, -7.0, -7.0, -7.0, -7.0, -7.0, -7.0, -7.0, -7.0, -7.0, -7.0, -7.0, -7.0, -7.0, -7.0, -7.0, -7.0, -7.0, -7.0, -7.0, -7.0, -7.0, -7.0, -7.0, -7.0, -7.0, -7.0, -7.0, -6.5, -6.5, -6.5, -6.5, -6.5, -6.5, -6.5, -6.5, -6.5, -6.5, -6.5, -6.5, -6.5, -6.5, -6.5, -6.5, -6.5, -6.5, -6.5, -6.5, -6.5, -6.5, -6.5, -6.5, -6.5, -6.5, -6.5, -6.5, -6.5, -6.5, -6.5, -6.5, -6.5, -6.0, -6.0, -6.0, -6.0, -6.0, -6.0, -6.0, -6.0, -6.0, -6.0, -6.0, -6.0, -6.0, -6.0, -6.0, -6.0, -6.0, -6.0, -6.0, -6.0, -6.0, -6.0, -6.0, -6.0, -6.0, -6.0, -6.0, -6.0, -6.0, -6.0, -6.0, -6.0, -6.0, -5.5, -5.5, -5.5, -5.5, -5.5, -5.5, -5.5, -5.5, -5.5, -5.5, -5.5, -5.5, -5.5, -5.5, -5.5, -5.5, -5.5, -5.5, -5.5, -5.5, -5.5, -5.5, -5.5, -5.5, -5.5, -5.5, -5.5, -5.5, -5.5, -5.5, -5.5, -5.5, -5.5, -5.0, -5.0, -5.0, -5.0, -5.0, -5.0, -5.0, -5.0, -5.0, -5.0, -5.0, -5.0, -5.0, -5.0, -5.0, -5.0, -5.0, -5.0, -5.0, -5.0, -5.0, -5.0, -5.0, -5.0, -5.0, -5.0, -5.0, -5.0, -5.0, -5.0, -5.0, -5.0, -5.0, -4.5, -4.5, -4.5, -4.5, -4.5, -4.5, -4.5, -4.5, -4.5, -4.5, -4.5, -4.5, -4.5, -4.5, -4.5, -4.5, -4.5, -4.5, -4.5, -4.5, -4.5, -4.5, -4.5, -4.5, -4.5, -4.5, -4.5, -4.5, -4.5, -4.5, -4.5, -4.5, -4.5, -4.0, -4.0, -4.0, -4.0, -4.0, -4.0, -4.0, -4.0, -4.0, -4.0, -4.0, -4.0, -4.0, -4.0, -4.0, -4.0, -4.0, -4.0, -4.0, -4.0, -4.0, -4.0, -4.0, -4.0, -4.0, -4.0, -4.0, -4.0, -4.0, -4.0, -4.0, -4.0, -4.0, -3.5, -3.5, -3.5, -3.5, -3.5, -3.5, -3.5, -3.5, -3.5, -3.5, -3.5, -3.5, -3.5, -3.5, -3.5, -3.5, -3.5, -3.5, -3.5, -3.5, -3.5, -3.5, -3.5, -3.5, -3.5, -3.5, -3.5, -3.5, -3.5, -3.5, -3.5, -3.5, -3.5, -3.0, -3.0, -3.0, -3.0, -3.0, -3.0, -3.0, -3.0, -3.0, -3.0, -3.0, -3.0, -3.0, -3.0, -3.0, -3.0, -3.0, -3.0, -3.0, -3.0, -3.0, -3.0, -3.0, -3.0, -3.0, -3.0, -3.0, -3.0, -3.0, -3.0, -3.0, -3.0, -3.0, -2.5, -2.5, -2.5, -2.5, -2.5, -2.5, -2.5, -2.5, -2.5, -2.5, -2.5, -2.5, -2.5, -2.5, -2.5, -2.5, -2.5, -2.5, -2.5, -2.5, -2.5, -2.5, -2.5, -2.5, -2.5, -2.5, -2.5, -2.5, -2.5, -2.5, -2.5, -2.5, -2.5, -2.0, -2.0, -2.0, -2.0, -2.0, -2.0, -2.0, -2.0, -2.0, -2.0, -2.0, -2.0, -2.0, -2.0, -2.0, -2.0, -2.0, -2.0, -2.0, -2.0, -2.0, -2.0, -2.0, -2.0, -2.0, -2.0, -2.0, -2.0, -2.0, -2.0, -2.0, -2.0, -2.0, -1.5, -1.5, -1.5, -1.5, -1.5, -1.5, -1.5, -1.5, -1.5, -1.5, -1.5, -1.5, -1.5, -1.5, -1.5, -1.5, -1.5, -1.5, -1.5, -1.5, -1.5, -1.5, -1.5, -1.5, -1.5, -1.5, -1.5, -1.5, -1.5, -1.5, -1.5, -1.5, -1.5, -1.0, -1.0, -1.0, -1.0, -1.0, -1.0, -1.0, -1.0, -1.0, -1.0, -1.0, -1.0, -1.0, -1.0, -1.0, -1.0, -1.0, -1.0, -1.0, -1.0, -1.0, -1.0, -1.0, -1.0, -1.0, -1.0, -1.0, -1.0, -1.0, -1.0, -1.0, -1.0, -1.0, -0.5, -0.5, -0.5, -0.5, -0.5, -0.5, -0.5, -0.5, -0.5, -0.5, -0.5, -0.5, -0.5, -0.5, -0.5, -0.5, -0.5, -0.5, -0.5, -0.5, -0.5, -0.5, -0.5, -0.5, -0.5, -0.5, -0.5, -0.5, -0.5, -0.5, -0.5, -0.5, -0.5, 0.0, 0.0, 0.0, 0.0, 0.0, 0.0, 0.0, 0.0, 0.0, 0.0, 0.0, 0.0, 0.0, 0.0, 0.0, 0.0, 0.0, 0.0, 0.0, 0.0, 0.0, 0.0, 0.0, 0.0, 0.0, 0.0, 0.0, 0.0, 0.0, 0.0, 0.0, 0.0, 0.0, 0.5, 0.5, 0.5, 0.5, 0.5, 0.5, 0.5, 0.5, 0.5, 0.5, 0.5, 0.5, 0.5, 0.5, 0.5, 0.5, 0.5, 0.5, 0.5, 0.5, 0.5, 0.5, 0.5, 0.5, 0.5, 0.5, 0.5, 0.5, 0.5, 0.5, 0.5, 0.5, 0.5, 1.0, 1.0, 1.0, 1.0, 1.0, 1.0, 1.0, 1.0, 1.0, 1.0, 1.0, 1.0, 1.0, 1.0, 1.0, 1.0, 1.0, 1.0, 1.0, 1.0, 1.0, 1.0, 1.0, 1.0, 1.0, 1.0, 1.0, 1.0, 1.0, 1.0, 1.0, 1.0, 1.0, 1.5, 1.5, 1.5, 1.5, 1.5, 1.5, 1.5, 1.5, 1.5, 1.5, 1.5, 1.5, 1.5, 1.5, 1.5, 1.5, 1.5, 1.5, 1.5, 1.5, 1.5, 1.5, 1.5, 1.5, 1.5, 1.5, 1.5, 1.5, 1.5, 1.5, 1.5, 1.5, 1.5, 2.0, 2.0, 2.0, 2.0, 2.0, 2.0, 2.0, 2.0, 2.0, 2.0, 2.0, 2.0, 2.0, 2.0, 2.0, 2.0, 2.0, 2.0, 2.0, 2.0, 2.0, 2.0, 2.0, 2.0, 2.0, 2.0, 2.0, 2.0, 2.0, 2.0, 2.0, 2.0, 2.0, 2.5, 2.5, 2.5, 2.5, 2.5, 2.5, 2.5, 2.5, 2.5, 2.5, 2.5, 2.5, 2.5, 2.5, 2.5, 2.5, 2.5, 2.5, 2.5, 2.5, 2.5, 2.5, 2.5, 2.5, 2.5, 2.5, 2.5, 2.5, 2.5, 2.5, 2.5, 2.5, 2.5, 3.0, 3.0, 3.0, 3.0, 3.0, 3.0, 3.0, 3.0, 3.0, 3.0, 3.0, 3.0, 3.0, 3.0, 3.0, 3.0, 3.0, 3.0, 3.0, 3.0, 3.0, 3.0, 3.0, 3.0, 3.0, 3.0, 3.0, 3.0, 3.0, 3.0, 3.0, 3.0, 3.0, 3.5, 3.5, 3.5, 3.5, 3.5, 3.5, 3.5, 3.5, 3.5, 3.5, 3.5, 3.5, 3.5, 3.5, 3.5, 3.5, 3.5, 3.5, 3.5, 3.5, 3.5, 3.5, 3.5, 3.5, 3.5, 3.5, 3.5, 3.5, 3.5, 3.5, 3.5, 3.5, 3.5, 4.0, 4.0, 4.0, 4.0, 4.0, 4.0, 4.0, 4.0, 4.0, 4.0, 4.0, 4.0, 4.0, 4.0, 4.0, 4.0, 4.0, 4.0, 4.0, 4.0, 4.0, 4.0, 4.0, 4.0, 4.0, 4.0, 4.0, 4.0, 4.0, 4.0, 4.0, 4.0, 4.0, 4.5, 4.5, 4.5, 4.5, 4.5, 4.5, 4.5, 4.5, 4.5, 4.5, 4.5, 4.5, 4.5, 4.5, 4.5, 4.5, 4.5, 4.5, 4.5, 4.5, 4.5, 4.5, 4.5, 4.5, 4.5, 4.5, 4.5, 4.5, 4.5, 4.5, 4.5, 4.5, 4.5, 5.0, 5.0, 5.0, 5.0, 5.0, 5.0, 5.0, 5.0, 5.0, 5.0, 5.0, 5.0, 5.0, 5.0, 5.0, 5.0, 5.0, 5.0, 5.0, 5.0, 5.0, 5.0, 5.0, 5.0, 5.0, 5.0, 5.0, 5.0, 5.0, 5.0, 5.0, 5.0, 5.0, 5.5, 5.5, 5.5, 5.5, 5.5, 5.5, 5.5, 5.5, 5.5, 5.5, 5.5, 5.5, 5.5, 5.5, 5.5, 5.5, 5.5, 5.5, 5.5, 5.5, 5.5, 5.5, 5.5, 5.5, 5.5, 5.5, 5.5, 5.5, 5.5, 5.5, 5.5, 5.5, 5.5, 6.0, 6.0, 6.0, 6.0, 6.0, 6.0, 6.0, 6.0, 6.0, 6.0, 6.0, 6.0, 6.0, 6.0, 6.0, 6.0, 6.0, 6.0, 6.0, 6.0, 6.0, 6.0, 6.0, 6.0, 6.0, 6.0, 6.0, 6.0, 6.0, 6.0, 6.0, 6.0, 6.0, 6.5, 6.5, 6.5, 6.5, 6.5, 6.5, 6.5, 6.5, 6.5, 6.5, 6.5, 6.5, 6.5, 6.5, 6.5, 6.5, 6.5, 6.5, 6.5, 6.5, 6.5, 6.5, 6.5, 6.5, 6.5, 6.5, 6.5, 6.5, 6.5, 6.5, 6.5, 6.5, 6.5, 7.0, 7.0, 7.0, 7.0, 7.0, 7.0, 7.0, 7.0, 7.0, 7.0, 7.0, 7.0, 7.0, 7.0, 7.0, 7.0, 7.0, 7.0, 7.0, 7.0, 7.0, 7.0, 7.0, 7.0, 7.0, 7.0, 7.0, 7.0, 7.0, 7.0, 7.0, 7.0, 7.0, 7.5, 7.5, 7.5, 7.5, 7.5, 7.5, 7.5, 7.5, 7.5, 7.5, 7.5, 7.5, 7.5, 7.5, 7.5, 7.5, 7.5, 7.5, 7.5, 7.5, 7.5, 7.5, 7.5, 7.5, 7.5, 7.5, 7.5, 7.5, 7.5, 7.5, 7.5, 7.5, 7.5, 8.0, 8.0, 8.0, 8.0, 8.0, 8.0, 8.0, 8.0, 8.0, 8.0, 8.0, 8.0, 8.0, 8.0, 8.0, 8.0, 8.0, 8.0, 8.0, 8.0, 8.0, 8.0, 8.0, 8.0, 8.0, 8.0, 8.0, 8.0, 8.0, 8.0, 8.0, 8.0, 8.0};
	mwArray xIn(1, 1089, mxDOUBLE_CLASS);
	xIn.SetData(xInData, 1089);

	mxDouble yInData[] = {-8.0, -7.5, -7.0, -6.5, -6.0, -5.5, -5.0, -4.5, -4.0, -3.5, -3.0, -2.5, -2.0, -1.5, -1.0, -0.5, 0.0, 0.5, 1.0, 1.5, 2.0, 2.5, 3.0, 3.5, 4.0, 4.5, 5.0, 5.5, 6.0, 6.5, 7.0, 7.5, 8.0, -8.0, -7.5, -7.0, -6.5, -6.0, -5.5, -5.0, -4.5, -4.0, -3.5, -3.0, -2.5, -2.0, -1.5, -1.0, -0.5, 0.0, 0.5, 1.0, 1.5, 2.0, 2.5, 3.0, 3.5, 4.0, 4.5, 5.0, 5.5, 6.0, 6.5, 7.0, 7.5, 8.0, -8.0, -7.5, -7.0, -6.5, -6.0, -5.5, -5.0, -4.5, -4.0, -3.5, -3.0, -2.5, -2.0, -1.5, -1.0, -0.5, 0.0, 0.5, 1.0, 1.5, 2.0, 2.5, 3.0, 3.5, 4.0, 4.5, 5.0, 5.5, 6.0, 6.5, 7.0, 7.5, 8.0, -8.0, -7.5, -7.0, -6.5, -6.0, -5.5, -5.0, -4.5, -4.0, -3.5, -3.0, -2.5, -2.0, -1.5, -1.0, -0.5, 0.0, 0.5, 1.0, 1.5, 2.0, 2.5, 3.0, 3.5, 4.0, 4.5, 5.0, 5.5, 6.0, 6.5, 7.0, 7.5, 8.0, -8.0, -7.5, -7.0, -6.5, -6.0, -5.5, -5.0, -4.5, -4.0, -3.5, -3.0, -2.5, -2.0, -1.5, -1.0, -0.5, 0.0, 0.5, 1.0, 1.5, 2.0, 2.5, 3.0, 3.5, 4.0, 4.5, 5.0, 5.5, 6.0, 6.5, 7.0, 7.5, 8.0, -8.0, -7.5, -7.0, -6.5, -6.0, -5.5, -5.0, -4.5, -4.0, -3.5, -3.0, -2.5, -2.0, -1.5, -1.0, -0.5, 0.0, 0.5, 1.0, 1.5, 2.0, 2.5, 3.0, 3.5, 4.0, 4.5, 5.0, 5.5, 6.0, 6.5, 7.0, 7.5, 8.0, -8.0, -7.5, -7.0, -6.5, -6.0, -5.5, -5.0, -4.5, -4.0, -3.5, -3.0, -2.5, -2.0, -1.5, -1.0, -0.5, 0.0, 0.5, 1.0, 1.5, 2.0, 2.5, 3.0, 3.5, 4.0, 4.5, 5.0, 5.5, 6.0, 6.5, 7.0, 7.5, 8.0, -8.0, -7.5, -7.0, -6.5, -6.0, -5.5, -5.0, -4.5, -4.0, -3.5, -3.0, -2.5, -2.0, -1.5, -1.0, -0.5, 0.0, 0.5, 1.0, 1.5, 2.0, 2.5, 3.0, 3.5, 4.0, 4.5, 5.0, 5.5, 6.0, 6.5, 7.0, 7.5, 8.0, -8.0, -7.5, -7.0, -6.5, -6.0, -5.5, -5.0, -4.5, -4.0, -3.5, -3.0, -2.5, -2.0, -1.5, -1.0, -0.5, 0.0, 0.5, 1.0, 1.5, 2.0, 2.5, 3.0, 3.5, 4.0, 4.5, 5.0, 5.5, 6.0, 6.5, 7.0, 7.5, 8.0, -8.0, -7.5, -7.0, -6.5, -6.0, -5.5, -5.0, -4.5, -4.0, -3.5, -3.0, -2.5, -2.0, -1.5, -1.0, -0.5, 0.0, 0.5, 1.0, 1.5, 2.0, 2.5, 3.0, 3.5, 4.0, 4.5, 5.0, 5.5, 6.0, 6.5, 7.0, 7.5, 8.0, -8.0, -7.5, -7.0, -6.5, -6.0, -5.5, -5.0, -4.5, -4.0, -3.5, -3.0, -2.5, -2.0, -1.5, -1.0, -0.5, 0.0, 0.5, 1.0, 1.5, 2.0, 2.5, 3.0, 3.5, 4.0, 4.5, 5.0, 5.5, 6.0, 6.5, 7.0, 7.5, 8.0, -8.0, -7.5, -7.0, -6.5, -6.0, -5.5, -5.0, -4.5, -4.0, -3.5, -3.0, -2.5, -2.0, -1.5, -1.0, -0.5, 0.0, 0.5, 1.0, 1.5, 2.0, 2.5, 3.0, 3.5, 4.0, 4.5, 5.0, 5.5, 6.0, 6.5, 7.0, 7.5, 8.0, -8.0, -7.5, -7.0, -6.5, -6.0, -5.5, -5.0, -4.5, -4.0, -3.5, -3.0, -2.5, -2.0, -1.5, -1.0, -0.5, 0.0, 0.5, 1.0, 1.5, 2.0, 2.5, 3.0, 3.5, 4.0, 4.5, 5.0, 5.5, 6.0, 6.5, 7.0, 7.5, 8.0, -8.0, -7.5, -7.0, -6.5, -6.0, -5.5, -5.0, -4.5, -4.0, -3.5, -3.0, -2.5, -2.0, -1.5, -1.0, -0.5, 0.0, 0.5, 1.0, 1.5, 2.0, 2.5, 3.0, 3.5, 4.0, 4.5, 5.0, 5.5, 6.0, 6.5, 7.0, 7.5, 8.0, -8.0, -7.5, -7.0, -6.5, -6.0, -5.5, -5.0, -4.5, -4.0, -3.5, -3.0, -2.5, -2.0, -1.5, -1.0, -0.5, 0.0, 0.5, 1.0, 1.5, 2.0, 2.5, 3.0, 3.5, 4.0, 4.5, 5.0, 5.5, 6.0, 6.5, 7.0, 7.5, 8.0, -8.0, -7.5, -7.0, -6.5, -6.0, -5.5, -5.0, -4.5, -4.0, -3.5, -3.0, -2.5, -2.0, -1.5, -1.0, -0.5, 0.0, 0.5, 1.0, 1.5, 2.0, 2.5, 3.0, 3.5, 4.0, 4.5, 5.0, 5.5, 6.0, 6.5, 7.0, 7.5, 8.0, -8.0, -7.5, -7.0, -6.5, -6.0, -5.5, -5.0, -4.5, -4.0, -3.5, -3.0, -2.5, -2.0, -1.5, -1.0, -0.5, 0.0, 0.5, 1.0, 1.5, 2.0, 2.5, 3.0, 3.5, 4.0, 4.5, 5.0, 5.5, 6.0, 6.5, 7.0, 7.5, 8.0, -8.0, -7.5, -7.0, -6.5, -6.0, -5.5, -5.0, -4.5, -4.0, -3.5, -3.0, -2.5, -2.0, -1.5, -1.0, -0.5, 0.0, 0.5, 1.0, 1.5, 2.0, 2.5, 3.0, 3.5, 4.0, 4.5, 5.0, 5.5, 6.0, 6.5, 7.0, 7.5, 8.0, -8.0, -7.5, -7.0, -6.5, -6.0, -5.5, -5.0, -4.5, -4.0, -3.5, -3.0, -2.5, -2.0, -1.5, -1.0, -0.5, 0.0, 0.5, 1.0, 1.5, 2.0, 2.5, 3.0, 3.5, 4.0, 4.5, 5.0, 5.5, 6.0, 6.5, 7.0, 7.5, 8.0, -8.0, -7.5, -7.0, -6.5, -6.0, -5.5, -5.0, -4.5, -4.0, -3.5, -3.0, -2.5, -2.0, -1.5, -1.0, -0.5, 0.0, 0.5, 1.0, 1.5, 2.0, 2.5, 3.0, 3.5, 4.0, 4.5, 5.0, 5.5, 6.0, 6.5, 7.0, 7.5, 8.0, -8.0, -7.5, -7.0, -6.5, -6.0, -5.5, -5.0, -4.5, -4.0, -3.5, -3.0, -2.5, -2.0, -1.5, -1.0, -0.5, 0.0, 0.5, 1.0, 1.5, 2.0, 2.5, 3.0, 3.5, 4.0, 4.5, 5.0, 5.5, 6.0, 6.5, 7.0, 7.5, 8.0, -8.0, -7.5, -7.0, -6.5, -6.0, -5.5, -5.0, -4.5, -4.0, -3.5, -3.0, -2.5, -2.0, -1.5, -1.0, -0.5, 0.0, 0.5, 1.0, 1.5, 2.0, 2.5, 3.0, 3.5, 4.0, 4.5, 5.0, 5.5, 6.0, 6.5, 7.0, 7.5, 8.0, -8.0, -7.5, -7.0, -6.5, -6.0, -5.5, -5.0, -4.5, -4.0, -3.5, -3.0, -2.5, -2.0, -1.5, -1.0, -0.5, 0.0, 0.5, 1.0, 1.5, 2.0, 2.5, 3.0, 3.5, 4.0, 4.5, 5.0, 5.5, 6.0, 6.5, 7.0, 7.5, 8.0, -8.0, -7.5, -7.0, -6.5, -6.0, -5.5, -5.0, -4.5, -4.0, -3.5, -3.0, -2.5, -2.0, -1.5, -1.0, -0.5, 0.0, 0.5, 1.0, 1.5, 2.0, 2.5, 3.0, 3.5, 4.0, 4.5, 5.0, 5.5, 6.0, 6.5, 7.0, 7.5, 8.0, -8.0, -7.5, -7.0, -6.5, -6.0, -5.5, -5.0, -4.5, -4.0, -3.5, -3.0, -2.5, -2.0, -1.5, -1.0, -0.5, 0.0, 0.5, 1.0, 1.5, 2.0, 2.5, 3.0, 3.5, 4.0, 4.5, 5.0, 5.5, 6.0, 6.5, 7.0, 7.5, 8.0, -8.0, -7.5, -7.0, -6.5, -6.0, -5.5, -5.0, -4.5, -4.0, -3.5, -3.0, -2.5, -2.0, -1.5, -1.0, -0.5, 0.0, 0.5, 1.0, 1.5, 2.0, 2.5, 3.0, 3.5, 4.0, 4.5, 5.0, 5.5, 6.0, 6.5, 7.0, 7.5, 8.0, -8.0, -7.5, -7.0, -6.5, -6.0, -5.5, -5.0, -4.5, -4.0, -3.5, -3.0, -2.5, -2.0, -1.5, -1.0, -0.5, 0.0, 0.5, 1.0, 1.5, 2.0, 2.5, 3.0, 3.5, 4.0, 4.5, 5.0, 5.5, 6.0, 6.5, 7.0, 7.5, 8.0, -8.0, -7.5, -7.0, -6.5, -6.0, -5.5, -5.0, -4.5, -4.0, -3.5, -3.0, -2.5, -2.0, -1.5, -1.0, -0.5, 0.0, 0.5, 1.0, 1.5, 2.0, 2.5, 3.0, 3.5, 4.0, 4.5, 5.0, 5.5, 6.0, 6.5, 7.0, 7.5, 8.0, -8.0, -7.5, -7.0, -6.5, -6.0, -5.5, -5.0, -4.5, -4.0, -3.5, -3.0, -2.5, -2.0, -1.5, -1.0, -0.5, 0.0, 0.5, 1.0, 1.5, 2.0, 2.5, 3.0, 3.5, 4.0, 4.5, 5.0, 5.5, 6.0, 6.5, 7.0, 7.5, 8.0, -8.0, -7.5, -7.0, -6.5, -6.0, -5.5, -5.0, -4.5, -4.0, -3.5, -3.0, -2.5, -2.0, -1.5, -1.0, -0.5, 0.0, 0.5, 1.0, 1.5, 2.0, 2.5, 3.0, 3.5, 4.0, 4.5, 5.0, 5.5, 6.0, 6.5, 7.0, 7.5, 8.0, -8.0, -7.5, -7.0, -6.5, -6.0, -5.5, -5.0, -4.5, -4.0, -3.5, -3.0, -2.5, -2.0, -1.5, -1.0, -0.5, 0.0, 0.5, 1.0, 1.5, 2.0, 2.5, 3.0, 3.5, 4.0, 4.5, 5.0, 5.5, 6.0, 6.5, 7.0, 7.5, 8.0, -8.0, -7.5, -7.0, -6.5, -6.0, -5.5, -5.0, -4.5, -4.0, -3.5, -3.0, -2.5, -2.0, -1.5, -1.0, -0.5, 0.0, 0.5, 1.0, 1.5, 2.0, 2.5, 3.0, 3.5, 4.0, 4.5, 5.0, 5.5, 6.0, 6.5, 7.0, 7.5, 8.0, -8.0, -7.5, -7.0, -6.5, -6.0, -5.5, -5.0, -4.5, -4.0, -3.5, -3.0, -2.5, -2.0, -1.5, -1.0, -0.5, 0.0, 0.5, 1.0, 1.5, 2.0, 2.5, 3.0, 3.5, 4.0, 4.5, 5.0, 5.5, 6.0, 6.5, 7.0, 7.5, 8.0};
	mwArray yIn(1, 1089, mxDOUBLE_CLASS);
	yIn.SetData(yInData, 1089);

	mxDouble zInData[] = {-0.083953080486421, -0.09115188436397047, -0.08786057577066687, -0.07495689987901655, -0.05440211108893698, -0.02880901662197588, -9.75520434412708E-4, 0.026531247839761095, 0.051678659315078174, 0.07313012167416309, 0.09026587102554127, 0.1030892321900898, 0.11205862411281925, 0.11788827534862069, 0.121354197903323, 0.12313056789780169, 0.12366978082792272, 0.12313056789780169, 0.121354197903323, 0.11788827534862069, 0.11205862411281925, 0.1030892321900898, 0.09026587102554127, 0.07313012167416309, 0.051678659315078174, 0.026531247839761095, -9.75520434412708E-4, -0.02880901662197588, -0.05440211108893698, -0.07495689987901655, -0.08786057577066687, -0.09115188436397047, -0.083953080486421, -0.09115188436397047, -0.08723804412635582, -0.07221555931565682, -0.04830079537758751, -0.018630431167854764, 0.013324064862461698, 0.04431326426819208, 0.07174463418130257, 0.09393966030864591, 0.11020037089331168, 0.12071048357355876, 0.12632201382479508, 0.1282877460523285, 0.1279943847202572, 0.12673508793268007, 0.12554007460949038, 0.12506666356996518, 0.12554007460949038, 0.12673508793268007, 0.1279943847202572, 0.1282877460523285, 0.12632201382479508, 0.12071048357355876, 0.11020037089331168, 0.09393966030864591, 0.07174463418130257, 0.04431326426819208, 0.013324064862461698, -0.018630431167854764, -0.04830079537758751, -0.07221555931565682, -0.08723804412635582, -0.09115188436397047, -0.08786057577066687, -0.07221555931565682, -0.046172733100891844, -0.013332838992708288, 0.022104754680741478, 0.05606169383989522, 0.08518823525005792, 0.1072644357230806, 0.121354197903323, 0.12772614095633136, 0.12759863509556327, 0.1227899979382399, 0.11535613684707623, 0.10728003423923389, 0.10024812527586709, 0.09551761666147543, 0.09385522838839844, 0.09551761666147543, 0.10024812527586709, 0.10728003423923389, 0.11535613684707623, 0.1227899979382399, 0.12759863509556327, 0.12772614095633136, 0.121354197903323, 0.1072644357230806, 0.08518823525005792, 0.05606169383989522, 0.022104754680741478, -0.013332838992708288, -0.046172733100891844, -0.07221555931565682, -0.08786057577066687, -0.07495689987901655, -0.04830079537758751, -0.013332838992708288, 0.025053744421125373, 0.06184586593944633, 0.09272862238309293, 0.11468947045883603, 0.12632201382479508, 0.12781428895032207, 0.1206727784533444, 0.10728003423923389, 0.09040200935907731, 0.07274984649736908, 0.05666621451668113, 0.04395992890538334, 0.03586819257714133, 0.03309538278274085, 0.03586819257714133, 0.04395992890538334, 0.05666621451668113, 0.07274984649736908, 0.09040200935907731, 0.10728003423923389, 0.1206727784533444, 0.12781428895032207, 0.12632201382479508, 0.11468947045883603, 0.09272862238309293, 0.06184586593944633, 0.025053744421125373, -0.013332838992708288, -0.04830079537758751, -0.07495689987901655, -0.05440211108893698, -0.018630431167854764, 0.022104754680741478, 0.06184586593944633, 0.09513663192183475, 0.11788827534862069, 0.12791446519229313, 0.12506666356996518, 0.11099177345003862, 0.08861118769406219, 0.061467682588178515, 0.03309538278274085, 0.006539307734329662, -0.015905088066645427, -0.032729152507152436, -0.043081930958211126, -0.04656924969982098, -0.043081930958211126, -0.032729152507152436, -0.015905088066645427, 0.006539307734329662, 0.03309538278274085, 0.061467682588178515, 0.08861118769406219, 0.11099177345003862, 0.12506666356996518, 0.12791446519229313, 0.11788827534862069, 0.09513663192183475, 0.06184586593944633, 0.022104754680741478, -0.018630431167854764, -0.05440211108893698, -0.02880901662197588, 0.013324064862461698, 0.05606169383989522, 0.09272862238309293, 0.11788827534862069, 0.12819563383513788, 0.1227899979382399, 0.10318836687199265, 0.07274984649736908, 0.03586819257714133, -0.0029053968069243366, -0.0396120270827976, -0.07136107141075336, -0.0964681698772501, -0.11428272813296206, -0.12481027146866008, -0.1282800591946167, -0.12481027146866008, -0.11428272813296206, -0.0964681698772501, -0.07136107141075336, -0.0396120270827976, -0.0029053968069243366, 0.03586819257714133, 0.07274984649736908, 0.10318836687199265, 0.1227899979382399, 0.12819563383513788, 0.11788827534862069, 0.09272862238309293, 0.05606169383989522, 0.013324064862461698, -0.02880901662197588, -9.75520434412708E-4, 0.04431326426819208, 0.08518823525005792, 0.11468947045883603, 0.12791446519229313, 0.1227899979382399, 0.10024812527586709, 0.06380703560977322, 0.018686436816934687, -0.02931843708828789, -0.07494068295407723, -0.11428272813296206, -0.14523137672394124, -0.16739618809597498, -0.18163979110507836, -0.1893661116834589, -0.1917848549326277, -0.1893661116834589, -0.18163979110507836, -0.16739618809597498, -0.14523137672394124, -0.11428272813296206, -0.07494068295407723, -0.02931843708828789, 0.018686436816934687, 0.06380703560977322, 0.10024812527586709, 0.1227899979382399, 0.12791446519229313, 0.11468947045883603, 0.08518823525005792, 0.04431326426819208, -9.75520434412708E-4, 0.026531247839761095, 0.07174463418130257, 0.1072644357230806, 0.12632201382479508, 0.12506666356996518, 0.10318836687199265, 0.06380703560977322, 0.012678882219140045, -0.043081930958211126, -0.0964681698772501, -0.1419020591482169, -0.17613111363996398, -0.1985212210673702, -0.21071704065734573, -0.21578929942337413, -0.217106624273501, -0.21722891503668823, -0.217106624273501, -0.21578929942337413, -0.21071704065734573, -0.1985212210673702, -0.17613111363996398, -0.1419020591482169, -0.0964681698772501, -0.043081930958211126, 0.012678882219140045, 0.06380703560977322, 0.10318836687199265, 0.12506666356996518, 0.12632201382479508, 0.1072644357230806, 0.07174463418130257, 0.026531247839761095, 0.051678659315078174, 0.09393966030864591, 0.121354197903323, 0.12781428895032207, 0.11099177345003862, 0.07274984649736908, 0.018686436816934687, -0.043081930958211126, -0.10362229026069987, -0.1549964036247235, -0.1917848549326277, -0.21199733150313538, -0.21718431835123952, -0.21174773278219358, -0.20162936743561297, -0.19269534164247415, -0.18920062382698205, -0.19269534164247415, -0.20162936743561297, -0.21174773278219358, -0.21718431835123952, -0.21199733150313538, -0.1917848549326277, -0.1549964036247235, -0.10362229026069987, -0.043081930958211126, 0.018686436816934687, 0.07274984649736908, 0.11099177345003862, 0.12781428895032207, 0.121354197903323, 0.09393966030864591, 0.051678659315078174, 0.07313012167416309, 0.11020037089331168, 0.12772614095633136, 0.1206727784533444, 0.08861118769406219, 0.03586819257714133, -0.02931843708828789, -0.0964681698772501, -0.1549964036247235, -0.19636607441272252, -0.21578929942337413, -0.21311244844710367, -0.19269534164247415, -0.162314921526778, -0.13133744216365323, -0.10856373127183089, -0.10022377933989138, -0.10856373127183089, -0.13133744216365323, -0.162314921526778, -0.19269534164247415, -0.21311244844710367, -0.21578929942337413, -0.19636607441272252, -0.1549964036247235, -0.0964681698772501, -0.02931843708828789, 0.03586819257714133, 0.08861118769406219, 0.1206727784533444, 0.12772614095633136, 0.11020037089331168, 0.07313012167416309, 0.09026587102554127, 0.12071048357355876, 0.12759863509556327, 0.10728003423923389, 0.061467682588178515, -0.0029053968069243366, -0.07494068295407723, -0.1419020591482169, -0.1917848549326277, -0.21578929942337413, -0.21017152293525476, -0.17706921681216475, -0.12411188138749586, -0.0628822344847537, -0.00654070696893884, 0.032894181318236154, 0.0470400026866224, 0.032894181318236154, -0.00654070696893884, -0.0628822344847537, -0.12411188138749586, -0.17706921681216475, -0.21017152293525476, -0.21578929942337413, -0.1917848549326277, -0.1419020591482169, -0.07494068295407723, -0.0029053968069243366, 0.061467682588178515, 0.10728003423923389, 0.12759863509556327, 0.12071048357355876, 0.09026587102554127, 0.1030892321900898, 0.12632201382479508, 0.1227899979382399, 0.09040200935907731, 0.03309538278274085, -0.0396120270827976, -0.11428272813296206, -0.17613111363996398, -0.21199733150313538, -0.21311244844710367, -0.17706921681216475, -0.10856373127183089, -0.01872008860113564, 0.07689817560810495, 0.16121107496476517, 0.2189011346103909, 0.23938885764158258, 0.2189011346103909, 0.16121107496476517, 0.07689817560810495, -0.01872008860113564, -0.10856373127183089, -0.17706921681216475, -0.21311244844710367, -0.21199733150313538, -0.17613111363996398, -0.11428272813296206, -0.0396120270827976, 0.03309538278274085, 0.09040200935907731, 0.1227899979382399, 0.12632201382479508, 0.1030892321900898, 0.11205862411281925, 0.1282877460523285, 0.11535613684707623, 0.07274984649736908, 0.006539307734329662, -0.07136107141075336, -0.14523137672394124, -0.1985212210673702, -0.21718431835123952, -0.19269534164247415, -0.12411188138749586, -0.01872008860113564, 0.10891980905843182, 0.23938885764158258, 0.35184490787569894, 0.4278214842691429, 0.45464871341284085, 0.4278214842691429, 0.35184490787569894, 0.23938885764158258, 0.10891980905843182, -0.01872008860113564, -0.12411188138749586, -0.19269534164247415, -0.21718431835123952, -0.1985212210673702, -0.14523137672394124, -0.07136107141075336, 0.006539307734329662, 0.07274984649736908, 0.11535613684707623, 0.1282877460523285, 0.11205862411281925, 0.11788827534862069, 0.1279943847202572, 0.10728003423923389, 0.05666621451668113, -0.015905088066645427, -0.0964681698772501, -0.16739618809597498, -0.21071704065734573, -0.21174773278219358, -0.162314921526778, -0.0628822344847537, 0.07689817560810495, 0.23938885764158258, 0.40175474238953734, 0.5398415805455231, 0.6324217062813903, 0.6649966577360362, 0.6324217062813903, 0.5398415805455231, 0.40175474238953734, 0.23938885764158258, 0.07689817560810495, -0.0628822344847537, -0.162314921526778, -0.21174773278219358, -0.21071704065734573, -0.16739618809597498, -0.0964681698772501, -0.015905088066645427, 0.05666621451668113, 0.10728003423923389, 0.1279943847202572, 0.11788827534862069, 0.121354197903323, 0.12673508793268007, 0.10024812527586709, 0.04395992890538334, -0.032729152507152436, -0.11428272813296206, -0.18163979110507836, -0.21578929942337413, -0.20162936743561297, -0.13133744216365323, -0.00654070696893884, 0.16121107496476517, 0.35184490787569894, 0.5398415805455231, 0.6984559986366082, 0.8043066272155579, 0.8414709848078964, 0.8043066272155579, 0.6984559986366082, 0.5398415805455231, 0.35184490787569894, 0.16121107496476517, -0.00654070696893884, -0.13133744216365323, -0.20162936743561297, -0.21578929942337413, -0.18163979110507836, -0.11428272813296206, -0.032729152507152436, 0.04395992890538334, 0.10024812527586709, 0.12673508793268007, 0.121354197903323, 0.12313056789780169, 0.12554007460949038, 0.09551761666147543, 0.03586819257714133, -0.043081930958211126, -0.12481027146866008, -0.1893661116834589, -0.217106624273501, -0.19269534164247415, -0.10856373127183089, 0.032894181318236154, 0.2189011346103909, 0.4278214842691429, 0.6324217062813903, 0.8043066272155579, 0.9187253698655684, 0.9588510772084059, 0.9187253698655684, 0.8043066272155579, 0.6324217062813903, 0.4278214842691429, 0.2189011346103909, 0.032894181318236154, -0.10856373127183089, -0.19269534164247415, -0.217106624273501, -0.1893661116834589, -0.12481027146866008, -0.043081930958211126, 0.03586819257714133, 0.09551761666147543, 0.12554007460949038, 0.12313056789780169, 0.12366978082792272, 0.12506666356996518, 0.09385522838839844, 0.03309538278274085, -0.04656924969982098, -0.1282800591946167, -0.1917848549326277, -0.21722891503668823, -0.18920062382698205, -0.10022377933989138, 0.0470400026866224, 0.23938885764158258, 0.45464871341284085, 0.6649966577360362, 0.8414709848078964, 0.9588510772084059, 1.0, 0.9588510772084059, 0.8414709848078964, 0.6649966577360362, 0.45464871341284085, 0.23938885764158258, 0.0470400026866224, -0.10022377933989138, -0.18920062382698205, -0.21722891503668823, -0.1917848549326277, -0.1282800591946167, -0.04656924969982098, 0.03309538278274085, 0.09385522838839844, 0.12506666356996518, 0.12366978082792272, 0.12313056789780169, 0.12554007460949038, 0.09551761666147543, 0.03586819257714133, -0.043081930958211126, -0.12481027146866008, -0.1893661116834589, -0.217106624273501, -0.19269534164247415, -0.10856373127183089, 0.032894181318236154, 0.2189011346103909, 0.4278214842691429, 0.6324217062813903, 0.8043066272155579, 0.9187253698655684, 0.9588510772084059, 0.9187253698655684, 0.8043066272155579, 0.6324217062813903, 0.4278214842691429, 0.2189011346103909, 0.032894181318236154, -0.10856373127183089, -0.19269534164247415, -0.217106624273501, -0.1893661116834589, -0.12481027146866008, -0.043081930958211126, 0.03586819257714133, 0.09551761666147543, 0.12554007460949038, 0.12313056789780169, 0.121354197903323, 0.12673508793268007, 0.10024812527586709, 0.04395992890538334, -0.032729152507152436, -0.11428272813296206, -0.18163979110507836, -0.21578929942337413, -0.20162936743561297, -0.13133744216365323, -0.00654070696893884, 0.16121107496476517, 0.35184490787569894, 0.5398415805455231, 0.6984559986366082, 0.8043066272155579, 0.8414709848078964, 0.8043066272155579, 0.6984559986366082, 0.5398415805455231, 0.35184490787569894, 0.16121107496476517, -0.00654070696893884, -0.13133744216365323, -0.20162936743561297, -0.21578929942337413, -0.18163979110507836, -0.11428272813296206, -0.032729152507152436, 0.04395992890538334, 0.10024812527586709, 0.12673508793268007, 0.121354197903323, 0.11788827534862069, 0.1279943847202572, 0.10728003423923389, 0.05666621451668113, -0.015905088066645427, -0.0964681698772501, -0.16739618809597498, -0.21071704065734573, -0.21174773278219358, -0.162314921526778, -0.0628822344847537, 0.07689817560810495, 0.23938885764158258, 0.40175474238953734, 0.5398415805455231, 0.6324217062813903, 0.6649966577360362, 0.6324217062813903, 0.5398415805455231, 0.40175474238953734, 0.23938885764158258, 0.07689817560810495, -0.0628822344847537, -0.162314921526778, -0.21174773278219358, -0.21071704065734573, -0.16739618809597498, -0.0964681698772501, -0.015905088066645427, 0.05666621451668113, 0.10728003423923389, 0.1279943847202572, 0.11788827534862069, 0.11205862411281925, 0.1282877460523285, 0.11535613684707623, 0.07274984649736908, 0.006539307734329662, -0.07136107141075336, -0.14523137672394124, -0.1985212210673702, -0.21718431835123952, -0.19269534164247415, -0.12411188138749586, -0.01872008860113564, 0.10891980905843182, 0.23938885764158258, 0.35184490787569894, 0.4278214842691429, 0.45464871341284085, 0.4278214842691429, 0.35184490787569894, 0.23938885764158258, 0.10891980905843182, -0.01872008860113564, -0.12411188138749586, -0.19269534164247415, -0.21718431835123952, -0.1985212210673702, -0.14523137672394124, -0.07136107141075336, 0.006539307734329662, 0.07274984649736908, 0.11535613684707623, 0.1282877460523285, 0.11205862411281925, 0.1030892321900898, 0.12632201382479508, 0.1227899979382399, 0.09040200935907731, 0.03309538278274085, -0.0396120270827976, -0.11428272813296206, -0.17613111363996398, -0.21199733150313538, -0.21311244844710367, -0.17706921681216475, -0.10856373127183089, -0.01872008860113564, 0.07689817560810495, 0.16121107496476517, 0.2189011346103909, 0.23938885764158258, 0.2189011346103909, 0.16121107496476517, 0.07689817560810495, -0.01872008860113564, -0.10856373127183089, -0.17706921681216475, -0.21311244844710367, -0.21199733150313538, -0.17613111363996398, -0.11428272813296206, -0.0396120270827976, 0.03309538278274085, 0.09040200935907731, 0.1227899979382399, 0.12632201382479508, 0.1030892321900898, 0.09026587102554127, 0.12071048357355876, 0.12759863509556327, 0.10728003423923389, 0.061467682588178515, -0.0029053968069243366, -0.07494068295407723, -0.1419020591482169, -0.1917848549326277, -0.21578929942337413, -0.21017152293525476, -0.17706921681216475, -0.12411188138749586, -0.0628822344847537, -0.00654070696893884, 0.032894181318236154, 0.0470400026866224, 0.032894181318236154, -0.00654070696893884, -0.0628822344847537, -0.12411188138749586, -0.17706921681216475, -0.21017152293525476, -0.21578929942337413, -0.1917848549326277, -0.1419020591482169, -0.07494068295407723, -0.0029053968069243366, 0.061467682588178515, 0.10728003423923389, 0.12759863509556327, 0.12071048357355876, 0.09026587102554127, 0.07313012167416309, 0.11020037089331168, 0.12772614095633136, 0.1206727784533444, 0.08861118769406219, 0.03586819257714133, -0.02931843708828789, -0.0964681698772501, -0.1549964036247235, -0.19636607441272252, -0.21578929942337413, -0.21311244844710367, -0.19269534164247415, -0.162314921526778, -0.13133744216365323, -0.10856373127183089, -0.10022377933989138, -0.10856373127183089, -0.13133744216365323, -0.162314921526778, -0.19269534164247415, -0.21311244844710367, -0.21578929942337413, -0.19636607441272252, -0.1549964036247235, -0.0964681698772501, -0.02931843708828789, 0.03586819257714133, 0.08861118769406219, 0.1206727784533444, 0.12772614095633136, 0.11020037089331168, 0.07313012167416309, 0.051678659315078174, 0.09393966030864591, 0.121354197903323, 0.12781428895032207, 0.11099177345003862, 0.07274984649736908, 0.018686436816934687, -0.043081930958211126, -0.10362229026069987, -0.1549964036247235, -0.1917848549326277, -0.21199733150313538, -0.21718431835123952, -0.21174773278219358, -0.20162936743561297, -0.19269534164247415, -0.18920062382698205, -0.19269534164247415, -0.20162936743561297, -0.21174773278219358, -0.21718431835123952, -0.21199733150313538, -0.1917848549326277, -0.1549964036247235, -0.10362229026069987, -0.043081930958211126, 0.018686436816934687, 0.07274984649736908, 0.11099177345003862, 0.12781428895032207, 0.121354197903323, 0.09393966030864591, 0.051678659315078174, 0.026531247839761095, 0.07174463418130257, 0.1072644357230806, 0.12632201382479508, 0.12506666356996518, 0.10318836687199265, 0.06380703560977322, 0.012678882219140045, -0.043081930958211126, -0.0964681698772501, -0.1419020591482169, -0.17613111363996398, -0.1985212210673702, -0.21071704065734573, -0.21578929942337413, -0.217106624273501, -0.21722891503668823, -0.217106624273501, -0.21578929942337413, -0.21071704065734573, -0.1985212210673702, -0.17613111363996398, -0.1419020591482169, -0.0964681698772501, -0.043081930958211126, 0.012678882219140045, 0.06380703560977322, 0.10318836687199265, 0.12506666356996518, 0.12632201382479508, 0.1072644357230806, 0.07174463418130257, 0.026531247839761095, -9.75520434412708E-4, 0.04431326426819208, 0.08518823525005792, 0.11468947045883603, 0.12791446519229313, 0.1227899979382399, 0.10024812527586709, 0.06380703560977322, 0.018686436816934687, -0.02931843708828789, -0.07494068295407723, -0.11428272813296206, -0.14523137672394124, -0.16739618809597498, -0.18163979110507836, -0.1893661116834589, -0.1917848549326277, -0.1893661116834589, -0.18163979110507836, -0.16739618809597498, -0.14523137672394124, -0.11428272813296206, -0.07494068295407723, -0.02931843708828789, 0.018686436816934687, 0.06380703560977322, 0.10024812527586709, 0.1227899979382399, 0.12791446519229313, 0.11468947045883603, 0.08518823525005792, 0.04431326426819208, -9.75520434412708E-4, -0.02880901662197588, 0.013324064862461698, 0.05606169383989522, 0.09272862238309293, 0.11788827534862069, 0.12819563383513788, 0.1227899979382399, 0.10318836687199265, 0.07274984649736908, 0.03586819257714133, -0.0029053968069243366, -0.0396120270827976, -0.07136107141075336, -0.0964681698772501, -0.11428272813296206, -0.12481027146866008, -0.1282800591946167, -0.12481027146866008, -0.11428272813296206, -0.0964681698772501, -0.07136107141075336, -0.0396120270827976, -0.0029053968069243366, 0.03586819257714133, 0.07274984649736908, 0.10318836687199265, 0.1227899979382399, 0.12819563383513788, 0.11788827534862069, 0.09272862238309293, 0.05606169383989522, 0.013324064862461698, -0.02880901662197588, -0.05440211108893698, -0.018630431167854764, 0.022104754680741478, 0.06184586593944633, 0.09513663192183475, 0.11788827534862069, 0.12791446519229313, 0.12506666356996518, 0.11099177345003862, 0.08861118769406219, 0.061467682588178515, 0.03309538278274085, 0.006539307734329662, -0.015905088066645427, -0.032729152507152436, -0.043081930958211126, -0.04656924969982098, -0.043081930958211126, -0.032729152507152436, -0.015905088066645427, 0.006539307734329662, 0.03309538278274085, 0.061467682588178515, 0.08861118769406219, 0.11099177345003862, 0.12506666356996518, 0.12791446519229313, 0.11788827534862069, 0.09513663192183475, 0.06184586593944633, 0.022104754680741478, -0.018630431167854764, -0.05440211108893698, -0.07495689987901655, -0.04830079537758751, -0.013332838992708288, 0.025053744421125373, 0.06184586593944633, 0.09272862238309293, 0.11468947045883603, 0.12632201382479508, 0.12781428895032207, 0.1206727784533444, 0.10728003423923389, 0.09040200935907731, 0.07274984649736908, 0.05666621451668113, 0.04395992890538334, 0.03586819257714133, 0.03309538278274085, 0.03586819257714133, 0.04395992890538334, 0.05666621451668113, 0.07274984649736908, 0.09040200935907731, 0.10728003423923389, 0.1206727784533444, 0.12781428895032207, 0.12632201382479508, 0.11468947045883603, 0.09272862238309293, 0.06184586593944633, 0.025053744421125373, -0.013332838992708288, -0.04830079537758751, -0.07495689987901655, -0.08786057577066687, -0.07221555931565682, -0.046172733100891844, -0.013332838992708288, 0.022104754680741478, 0.05606169383989522, 0.08518823525005792, 0.1072644357230806, 0.121354197903323, 0.12772614095633136, 0.12759863509556327, 0.1227899979382399, 0.11535613684707623, 0.10728003423923389, 0.10024812527586709, 0.09551761666147543, 0.09385522838839844, 0.09551761666147543, 0.10024812527586709, 0.10728003423923389, 0.11535613684707623, 0.1227899979382399, 0.12759863509556327, 0.12772614095633136, 0.121354197903323, 0.1072644357230806, 0.08518823525005792, 0.05606169383989522, 0.022104754680741478, -0.013332838992708288, -0.046172733100891844, -0.07221555931565682, -0.08786057577066687, -0.09115188436397047, -0.08723804412635582, -0.07221555931565682, -0.04830079537758751, -0.018630431167854764, 0.013324064862461698, 0.04431326426819208, 0.07174463418130257, 0.09393966030864591, 0.11020037089331168, 0.12071048357355876, 0.12632201382479508, 0.1282877460523285, 0.1279943847202572, 0.12673508793268007, 0.12554007460949038, 0.12506666356996518, 0.12554007460949038, 0.12673508793268007, 0.1279943847202572, 0.1282877460523285, 0.12632201382479508, 0.12071048357355876, 0.11020037089331168, 0.09393966030864591, 0.07174463418130257, 0.04431326426819208, 0.013324064862461698, -0.018630431167854764, -0.04830079537758751, -0.07221555931565682, -0.08723804412635582, -0.09115188436397047, -0.083953080486421, -0.09115188436397047, -0.08786057577066687, -0.07495689987901655, -0.05440211108893698, -0.02880901662197588, -9.75520434412708E-4, 0.026531247839761095, 0.051678659315078174, 0.07313012167416309, 0.09026587102554127, 0.1030892321900898, 0.11205862411281925, 0.11788827534862069, 0.121354197903323, 0.12313056789780169, 0.12366978082792272, 0.12313056789780169, 0.121354197903323, 0.11788827534862069, 0.11205862411281925, 0.1030892321900898, 0.09026587102554127, 0.07313012167416309, 0.051678659315078174, 0.026531247839761095, -9.75520434412708E-4, -0.02880901662197588, -0.05440211108893698, -0.07495689987901655, -0.08786057577066687, -0.09115188436397047, -0.083953080486421};
	mwArray zIn(1, 1089, mxDOUBLE_CLASS);
	zIn.SetData(zInData, 1089);

	mxDouble conTInData = 1000.0;
	mwArray conTIn(conTInData);
	try
	{
		drawMeshFun(xIn, yIn, zIn, conTIn);
	}
	catch (const mwException& e)
	{
		std::cerr << e.what() << std::endl;
	}
	catch (...)
	{
		std::cerr << "Unexpected error thrown" << std::endl;
	}
}

int run_main(int argc, const char **argv)
{
	if (!drawMeshFunInitialize())
	{
		std::cerr << "Could not initialize the library properly" << std::endl;
		return -2;
	}
	else
	{
		drawMeshFunSample();
		// Call the application and library termination routine
		drawMeshFunTerminate();
	}
	// Note that you should call mclTerminateApplication at the end of
	// your application to shut down all MATLAB Runtime instances.
	mclTerminateApplication();
	return 0;
}

// The main routine. On macOS, the main thread runs the system code, and
// user code must be processed by a secondary thread. On other platforms, 
// the main thread runs both the system code and the user code.
int main(int argc, const char **argv)
{
	/* Call the mclInitializeApplication routine. Make sure that the application
	 * was initialized properly by checking the return status. This initialization
	 * has to be done before calling any MATLAB APIs or MATLAB Compiler SDK
	 * generated shared library functions.
	 */
	if (!mclInitializeApplication(nullptr, 0))
	{
		std::cerr << "Could not initialize the application." << std::endl;
		return -1;
	}
	return mclRunMain(static_cast<mclMainFcnType>(run_main), argc, argv);
}
